4422321111542115555344341155332535212232135333515555111111114435323311324441111144112123334112223131
4313222231112425152254315555332333235122525555542255441141111111333131422345155121153333343122222231
1134442234112333453453311552211323245222551555331255541441111421225553213345455234123541344431225431
1444434522111323422444555522154113253324222333221112552322141421221544413315455432222244143434513333
2351254223335241333344555222554422224451552133551151555551141111151531315523255534222243224414443335
3353335445233111133142355322155132524444454333344144454451441113255111215322533521133333145115251255
5315555442535531344443354322543443554444411333344444451155524211555441215554533523141233115233553524
2312522532255541544455511242115442115445413333344544433345545535554444325354533231133333355433543522
4333311113445515543115554235544442111454413331335444434355515555144155512333333335115234331223341222
2335331455111515454411453333332344141332333311154434441354255515134444522223315524111133315234441333
3233321155311554542222253333555322122351411132155555433132151511444244425333331535152153335434445535
1513331533434254245322313133322334422222114334455221123334451541453444544313112335211255322133455335
5554433555444113342154331334422334123222144445532155455332324422255541544311155111444134334133323235
5552225511443345523113451335521133524442144411532422345233435455545254435554335133444434433124422535
2542115453233411555223313355152244324211444453241332155522444415555244535333454321431132231133422433
3334145552455515553515323312544423522222414413233354555431144524222444431155144444111335341411442313
3113343555514551325325143333245244212454434443333353255435444233255444555554444444422333311514342513
2532333551435555555555555533144444242455134233324415445221444234445444455444422421353555511335321332
3422233555555555511311122333111441522255333213125314422211444444435244222334442321155555553433111321
4442223555551555343331141233124222421555344441421533422411134434442544112334111521155555245542321324
3332223225111355553333551555122522415355223124442425322415433255553432555551114423355551114543333333
5522115235331435514224442411115551445522225314552222354315333155443232435553111425224255444422233322
2441125555551145555322232551511152411442155515253122222535455244453333435554443325533355542555445145
2511112522535332544333232515555111444222355555553533222335252222143333431511222333115313331311422355
5545522522212312223333525555225125214124355142133344422254241552544435335555552522112321241221222154
5555322522312442223323415542123225422255155511224334552222211312343335334253255522315545543323243355
3555312432542422235243325552233324222255251344122514314422214412221315133132113422255245543223222555
2245514225342221553323341542214355224152455534452242125333444222531155134422224222542541443223432555
2224545513143225554422134442455335112111422555445144112215122213541231224322224252215555243223555532
2222555533143325554445131413433435214424442554545114422311311313251224444332215253311535545533555412
1114512113542214415444454433333333533344432252251111111331411125433133444244442232112235554333245322
3445311111324214435334432221341133333145445452224122211111451155444533154414435135315535545524325343
2444524443233331443331152351124123331511425452222115222441531154444212111444432215551555515555225555
4533444223223355433341442531331133131523522432222311112441511332243251355551452112154535555233225333
3555253555141333355144222455532123442522532441222353313341114422541222155551453311335555313533333111
3253412115244133355145121225344322444433431144241155442411122431143325512135224233334451533332355521
3253113244224223355155112521143142244454433245552331441114355511344225552414241333252255433111222213
1333411132444223455332122322122111134254443121153331445121554411322222554444444533253123222232254122
3131114433415222255531112222123311233332144455225324555133333335515213333524435113221444343242222435
5112154133222222252415332221114124333344444442425555521123333322311213435312355525241511121141443111
5412442111542252412555552222312123333524444344555553211114332352314322335211445522231444422223235131
5113111335555222225314242252551441511555454354351524342315513322321425354114441122332445441211245511
1111111222222222322333144244451444441554444434551233312115543342535325554415444152455555444421113411
1353111112111422453423211321441412443334425444335353352535511122555512524444441352434455155521553225
1323331155514415554423552531233313453333522112225543345455422521525555554414444252234413555311153114
4313221351244522553224155214444224433243322425215415245535422222215255555222444441234551555311111113
2233251111555554112222143524254244442233321115555515311141442323443511544344414424553155311114441144
2213221153525522111122335511211445312555145144535235355551242344442521553322414444425515455114311114
2223341223525533533343555435222342222511115542235211531553232255554555533323315522425515545433333214
3333341324441232233255313225422244555553322411245213532223533333334524444411341115552555423554333344
2223333333543552122235335535222211512553422214444414555335535344533322141111344522511451533535112344
2231431333443551514435555512122114511153242544244155445554555514331242241115352225515455552555142231
2344433355233411344415333333355444432115151444254533422554355522321252241111445214544444413455512231
5533333131553331454335222423335454421455111234451223543434135522223222551133545114544543511123331542
5553555234211535424445512453215514425555155551235521445452115555533532525533145552554345322113315334
5143332455413255114435132113332242415545355513355355445512111554313552224132243352543244442555444444
1244332252131134114442152411342235522345542344315524453314445554353133532533442552333444311112224442
1332433221111112244342155554535222241143554234511514423314122343333332334432211442434444131552222244
2312242543224433244312225551225442255445555154111112423324122115314111333233411115435345533121222354
3321211544423533444522245555522143222533355154113554444143112155314315333222221115555553333333331154
3332244544421223333532542113522224312111155554421544244432222253543332112222254454353353113431122213
4313445444432135533455255511144255544434345221511153125432521255555332112212355514421123343422225111
5324142155542555332545214111111155243452345232222155122232241455555231113232335533121123245522522214
2221112555155121333345211311451414325552555211322133132254445114422231444452341533251123552544424211
2231114322135154543334551313311412122421555411111113222242331141452441311442141113321153333451234225
1131114451345213111451114111112114415521155555511115322233111441422344442322522344334455151135215533
1551155223353313311551335111112314144322125325111444444442534333525555313225222224313232541131235552
4521144544333223133553221154141111143322325453112444421442251135153255553333225125333555555123244555
4451344544331223334422223351142211223332244411125555444442255331555452552223354411423355412121241455
4153334442541251154421513351115555553334121111113334533444222442352555524214222444525555515315444415
4314335442553551111524233355135244412333332215133334333425333511425555522112533444525554444155114414
4135533525533341141223233334245441443413151155352354511115333322322111541511333411531555542425333112
4445233133333154533245334411551244453433541435254354431115433332242211111111324214311555552533343144
3333333332222253522223335552224444455455552512444144333151424312244213212211311111115555555524444422
3133331111134252522213355155123332415425552222222241511113523314443211311311222231245555551114441423
5433321113124154323213311123122332421225342212242222315113332442442224424544422434315125431543434223
3311222112555241223143325341123214444211113435222315222223222333243254244514324111215255551344413324
4524333332115545544223315544454414512211232441225123532115211113211444244314424111415552455444111354
1525355133211113535343344444444413322531435445112133532211111144231144244214443351115455553444433152
1435535335211123542553211544333444342333444311114453325532111111511224311224423221441335443553533242
1432225545111113544144211444233544342233443113154533322112214411211111311421214415441222444133541113
4425544411442212414233111321443215554224442212555433111145355515313211411142511111522221544323331453
4335334424251125313123551355454331555514334224445524334445521415313115511115512111142555353333331432
4314424442555421113111133215522232515554431311555514134444312245223321111412435111111545312223331135
1332222224352154113511222235522235544555322334525314144441455555514225131352211111114252311422141155
5422225222451133312331522222223233341144333333555121111111552551224125411245413351114554444445511455
3411245221441135525535522352222252425114323435524455521235555252444115351131142311554444443552223353
4422314221131455325335542152442211555344234415554435552255555432412114411111112351153454344324235353
1422331553111454445334554432422233353333334441244325555542551433333444445233144321353352343431422511
1222433555211344515333552222222413355533342444534325555522253333333241212235551122442552152431151224
1223341411225544415333353222213233221333323333544442455525551151332444544235555524222242113212544444
5221411511253334225253332221233333154433312334545243445555451344113355224241545522223111113222224444
2221221112253311235131114221532435554443333112252215144412311315255535222244412142111411111121523544
2344445511143255534134114231222253522434333111222424144444333343333314222252322221441141222243335443
5221141141441145535455513243232251444442253553122225424244342335332333245251553222252114313333331443
3211123341122244515525553212245224132111213532222525422454325255332331531154435222553313322135522413
2311233121222225554533253242252222554141133333242335541113311342332133551151142123333333522235243514
2415553221215354555544411242252232231113131225222333344133313534411145344111111112553333555334444424
2245445224445542552542245551544111221123133421224431414453325552451144411124111115513232552411334324
2335342411455511522545413522223333333523553222214144411543335555555441111125444113342222431331313524