4422321111542115555344341155332535212232135333515555141111114435323311324441111144112123334412223131
4313222231112425152254315555332333235122525555542255441141111111323131422355155121153333343122222231
1134442234112233453453311552211323245222551555331255541421111421225553212245455234123541344431225451
1444434522111323422444555555154113253324222333221112552322141421221544443315455432222244143434513555
2351254223335241333344555222554422224451552133551151555551141111151531315523255534222243224414443535
3353335445233111133142355322155132524444454333344144454451441113255111215322533521133333145115251255
5315555442535531344443354332543443554444411333344444451155524211555441215554533523141233115233553524
2312522532255541544455511242115442115445413333344544433345545535554444325354533231133333355433543522
4333311113445515543115554235544442111454413331335444434355515555144155512333333335115234331223341222
2335331455141515454411453333332344141332333311154434441354255515134444522223315524333333315234451333
3233321155341554542212253333555322122351411132155555433132151511444244425222331535152153335434555535
1513331533434254255322313133322334422222144334455221123334451541453444544213112335211255322133455335
5554433555444113342154331334422334123222144445532155455332324422255541544351155111444134334133323235
5552225511443345323113451335521133524442144411532422345233435455545254435554335133444434433124422535
2542115453233411555223313355152244324211444453241332155522444415555244535333454321431132231133422433
3334145552455515553515323312544423522222414413233354555431144524222444431155144444111335341411442313
3113343555514551325325143333215244212454434443333553255435444233255444552554444444422333311514342513
2532333551435555555555555533111144242455134233324415445221444234445444452454422421353555511335321332
3422233555555555511311122333111141522255333213155314422211444444435244222334442321155555553433111321
4444425555551555343331141233124222421555344441421533422411134434442544112334111521155555245542321324
3334443225111355553333551555122522415355523124442425322415433255553432555551114423355551114543333333
5522115235331435514224442411115551441555525314552222354315333155443232435553111455224235444422233322
2441125555551145555322232551511552411445155515253122222535455244453333435554443325533333542555445145
2511112522535332544333232515555111444222355555553533222335252222143333431511222333115313331311422355
5545522522212314443333525555225125214124355142133343422254241552544435335555552522112321241221222154
5555322522314444443323415542123225422255155511244334552222211312343335334253255522315545543323243355
3555312432542444235243325552233224222255251344125514314422214412221315133132113422255245543223222555
2245514225342241553323341542214355224152455534452242125333444222531155134422224222542541443223432555
2224545513143325554422134442455335112111422555445144112215122213541231224322224252215555243225555532
2222555533143325554445131413433435214422242554545114422311311313251224444332215253311535545535555412
1114512113542214415444454433333333533342232252251111111331411125433133444244442232112235554335245322
3445311111324214435334432221341133333145225452224122211111451155444533154414435135315535545524325343
2444524443233331443331152351124123331511425452222115222441531154444212111444432215551555515555225555
4533444223223355433341442531331122131523522432222311112441511332243251355551452122154535555233225333
3555253525141333355144222455532123442522532441222353313341114422541552155551453311335555313533333111
3253412115244133355145121225344322444433431144241155442411122431143355512135224233234451522332355521
3253113244224223355155112521443142244454433245552331441114355511344555552414241333252255423111222213
1333411132444223455332122322122111134254443121153331445121554411322222554444444533253123222232254122
3131114433415222255531312222123311233332144455225324555133333335515213333524435113221444343242222435
5132154133222222252415332221114124333344444442425555521123333322311213435312355525241511121141443111
5432442111542252412555552222312123333524444344555553211114332352314322335211445522231444422223235131
5113113335555222225314242252551441511555454354351524342315513322321425354114441122332445441212245511
1113331222222222322443144244451444441554444434551233312115543342535325554415444152455555444421113411
1353331112111422453423211321441412444334425444335353352535511122555512524444441352434455155521553225
1323331155514415554443552531233313454433522112225543345454422521525555554414444252234413555311153114
4313222351244522553244155214444224433243322425215415245534422222215255555222444441234551555311111113
2233251111555554112244143524254244442235321115555515311141442323443511544344414424553155311114441144
2213222153525522131122335511211445312555145144535235355551242344442521553322414444425515455114311114
2223341223525533533343555435222342222511115542235211531553232255554555533323315522425515545434333214
3333341324541232233255313225422244555553322411245213532223533333334524444411341115552445423554333344
2223333333543552122235335535222211512553422214444414555332235344533324141111344522511451533535112344
2231431333443551514435555512122114511153242544244155445554222514331242241115352225515455552555142231
2344433355233411344415333333355444432115151444254533422554322222321252241111445214544444413455512231
5533333131553331454335222423335454421455111234451223543434132222223222551133545114544543511123331542
5553555234211535424444512453215514425555155551235521455452115225533532525533145552354345322113315334
5143332455413255114434132113332242415545355513355355445512111524313552224132243352343244442555444444
1244332252131134114442152411342235522345542344315524453314445554353133532533442552333444311112224442
1332433221111112244342155554535222241143554234511514423314122343333332334432211442434444131552222244
2312242543224433244312225551225442255445555154111112423324122115314111333233411115435345533121222354
3321211544423533444522245555522143222533355154113554444143112155314315333222221115555553333333331154
3332244544421223333532542113522224312111155555421544244432222253543332112222254454353355113431122213
4413445444432135533455255511144255544434345221511153125432521255555332112212355514421125343422225111
5324142155542555332545214111111155243452345232222155122232241455555231413232335533121123245522522214
2221112555152121333345211311451414325552555211322133132254445114422231444452341533251123552544424211
2231114322135154543334551313311412122421555411111113222242331141154441311442141113321153333451234225
1131114451345213111451114111112114415521155515511115322233111441422344442322522344334455151135215533
1551155223353313311551335111112314144322125325111444444442534333525555313225222224313232541131235552
4522144544333223133553221154141111143322325453112444421442251135153255553333225125333555555123244555
4451344544331223334452223351142211223332244411125555444442255331555452552223354411423355412121221455
4153334442541251154421513351115555553334121111113334533444222442352555524214222444525555515315224415
4314335442553551111524233355135244412333332215133334333425333511425555522112533444525554444155114414
4135533525533341141223233334245441443413151155352354511115333322322111541511333411531555542425533112
4445233133333154533245334411551244453433541435254353331115433332242111111111324214311555552533343144
3333333332222253522333335522224444455455552512444133333151424312244213212211311111115555555524444422
3133331111134252522213355155123332415425552222222241511113523414443211311311222231245555551114441423
5433321113124154323213311123122332421225342212242222315113332442442224424544422434315125431543434223
3311222112555241223143325341123214444211113435222315222223222333243254244514344111215255551344413324
4524233332115545544223314544454414512211232441225123532115211113211444244314424111415552455444111354
1525355133211113535343344444444413322531435445112133532211111144231144244214443351115455553444433152
1435535335211123442553211544333444342333444311114453325532111111511224311224423221441335443553533242
1432225545111113544144211444233544342233443113114533322112214411211111311421214415441222444133541113
4425544411442212414233111321443215554224442212515433111145355515313211411142511111522221544323331453
4335334424251125313123551355454331555514334224445524334445521415313115511115512444142555353333331432
4314424442555421313111133215522232515554431311335514134444312245223321111412435144444545312223331135
1332222224352154113511222235522235544555322334325314144441422555514225131352221144444252311422141155
5422225222451133312311522222223233341144433333333121111141222551224125411245413354444554444445511455
3411245221441135525535522352222252425114323435524455521235222252444115351131142314554444443552223353
4422314221131455325335542152442211555344234415554435552252222432412114411111112354153454344324235353
1422331553111454445334554432422233353333334441244325555542251433333444445233144324353352343431422511
1222433555211342515333552222222413355533342444534325555522253333333241212235551122442552152431151224
1223341411225542215333353222213233221333323333544442455525251151332444544235555524222242113212544444
5221411511253534225253332221233333154433312334545243445555451344113355224241545552223112113222224444
2221221112255311235131114221533435444443333112252215144412311315255535222244412142111422111121523544
2344445511143255534134114231223353522434333111222424144444333343333514222552322221441141222243335443
5221141141441145535455513243232351444442253553122225424244342335332333245551553222252114313333331443
3211123341122244515525553212245224132111213532222525422454325255332331531154435222553113322135522413
2311233121222222254533253242252222554143133333242335541113311342332133551151142123333113522235243514
2415553221215354222544411242252232231113131225222333344133313534411145344111111112551113555334344424
2245445224445542252542245551544111221123133421224431414453325552451144411124111115513212552411334324
2335342411455511222545413522223313333523553222214144111543335555555441111125444113342222431331313524